32 39 -27 42 14 -11 -11 -25 -18 -42 
32 39 -27 42 14 -11 -11 -25 -18 -42 
-11 39 -27 42 14 32 -11 -25 -18 -42 
-11 39 -27 42 14 32 -11 -25 -18 -42 
-11 -11 -27 42 14 32 39 -25 -18 -42 
-11 -11 -27 42 14 32 39 -25 -18 -42 
-11 -11 -27 42 14 32 39 -25 -18 -42 
-11 -11 -27 -18 14 32 39 -25 42 -42 
-11 -11 -27 -18 14 32 39 -25 42 -42 
-11 -11 -27 -18 -42 32 39 -25 42 14 
-11 -11 -27 -18 -42 32 39 -25 42 14 
-27 -11 -11 -18 -42 32 39 -25 42 14 
-27 -11 -11 -18 -42 32 39 -25 42 14 
-27 -18 -11 -11 -42 32 39 -25 42 14 
-27 -18 -11 -11 -42 32 39 -25 42 14 
-27 -18 -42 -11 -11 32 39 -25 42 14 
-27 -18 -42 -11 -11 32 39 -25 42 14 
-27 -18 -42 -11 -11 32 39 -25 42 14 
-27 -18 -42 -11 -11 32 39 -25 42 14 
-27 -18 -42 -11 -11 -25 39 32 42 14 
-27 -18 -42 -11 -11 -25 39 32 42 14 
-27 -18 -42 -11 -11 -25 39 32 42 14 
-27 -18 -42 -11 -11 -25 39 14 42 32 
-27 -18 -42 -11 -11 -25 39 14 42 32 
-27 -18 -42 -11 -11 -25 39 14 42 32 
-27 -42 -18 -11 -11 -25 39 14 42 32 
-27 -42 -18 -11 -11 -25 39 14 42 32 
-42 -27 -18 -11 -11 -25 39 14 42 32 
-42 -27 -18 -11 -11 -25 39 14 42 32 
-42 -27 -18 -11 -11 -25 39 14 42 32 
-42 -27 -18 -11 -11 -25 39 14 42 32 
-42 -27 -18 -11 -11 -25 39 14 42 32 
-42 -27 -18 -11 -25 -11 39 14 42 32 
-42 -27 -18 -11 -25 -11 39 14 42 32 
-42 -27 -18 -25 -11 -11 39 14 42 32 
-42 -27 -18 -25 -11 -11 39 14 42 32 
-42 -27 -25 -18 -11 -11 39 14 42 32 
-42 -27 -25 -18 -11 -11 39 14 42 32 
-42 -27 -25 -18 -11 -11 39 14 42 32 
-42 -27 -25 -18 -11 -11 39 14 42 32 
-42 -27 -25 -18 -11 -11 14 39 42 32 
-42 -27 -25 -18 -11 -11 14 39 42 32 
-42 -27 -25 -18 -11 -11 14 39 42 32 
-42 -27 -25 -18 -11 -11 14 39 42 32 
-42 -27 -25 -18 -11 -11 14 39 32 42 
-42 -27 -25 -18 -11 -11 14 39 32 42 
-42 -27 -25 -18 -11 -11 14 32 39 42 
-42 -27 -25 -18 -11 -11 14 32 39 42 
